  0.14552E+00  0.00000E+00
  0.16763E+00  0.61309E-03
  0.18957E+00  0.32500E-02
  0.21133E+00  0.77270E-02
  0.23290E+00  0.13656E-01
  0.25425E+00  0.20725E-01
  0.27539E+00  0.28702E-01
  0.29630E+00  0.37415E-01
  0.31697E+00  0.46728E-01
  0.33738E+00  0.56536E-01
  0.35754E+00  0.66755E-01
  0.37742E+00  0.77314E-01
  0.39701E+00  0.88154E-01
  0.41631E+00  0.99225E-01
  0.43530E+00  0.11048E+00
  0.45398E+00  0.12189E+00
  0.47233E+00  0.13341E+00
  0.49035E+00  0.14502E+00
  0.50802E+00  0.15669E+00
  0.52533E+00  0.16839E+00
  0.54228E+00  0.18010E+00
  0.55886E+00  0.19180E+00
  0.57505E+00  0.20347E+00
  0.59086E+00  0.21510E+00
  0.60626E+00  0.22665E+00
  0.62125E+00  0.23813E+00
  0.63583E+00  0.24951E+00
  0.64999E+00  0.26078E+00
  0.66371E+00  0.27192E+00
  0.67699E+00  0.28293E+00
  0.68983E+00  0.29378E+00
  0.70221E+00  0.30448E+00
  0.71414E+00  0.31500E+00
  0.72560E+00  0.32533E+00
  0.73658E+00  0.33548E+00
  0.74709E+00  0.34542E+00
  0.75711E+00  0.35514E+00
  0.76664E+00  0.36464E+00
  0.77568E+00  0.37391E+00
  0.78422E+00  0.38294E+00
  0.79225E+00  0.39173E+00
  0.79978E+00  0.40025E+00
  0.80679E+00  0.40851E+00
  0.81329E+00  0.41650E+00
  0.81926E+00  0.42421E+00
  0.82472E+00  0.43164E+00
  0.82965E+00  0.43877E+00
  0.83404E+00  0.44561E+00
  0.83791E+00  0.45214E+00
  0.84125E+00  0.45837E+00
  0.84405E+00  0.46428E+00
  0.84631E+00  0.46987E+00
  0.84803E+00  0.47513E+00
  0.84922E+00  0.48007E+00
  0.84987E+00  0.48467E+00
  0.84998E+00  0.48894E+00
  0.84954E+00  0.49287E+00
  0.84857E+00  0.49645E+00
  0.84706E+00  0.49968E+00
  0.84501E+00  0.50256E+00
  0.84243E+00  0.50509E+00
  0.83931E+00  0.50726E+00
  0.83565E+00  0.50907E+00
  0.83146E+00  0.51052E+00
  0.82675E+00  0.51161E+00
  0.82150E+00  0.51233E+00
  0.81573E+00  0.51268E+00
  0.80945E+00  0.51267E+00
  0.80264E+00  0.51229E+00
  0.79532E+00  0.51154E+00
  0.78748E+00  0.51042E+00
  0.77915E+00  0.50893E+00
  0.77031E+00  0.50707E+00
  0.76097E+00  0.50484E+00
  0.75114E+00  0.50224E+00
  0.74083E+00  0.49927E+00
  0.73004E+00  0.49593E+00
  0.71877E+00  0.49223E+00
  0.70703E+00  0.48816E+00
  0.69483E+00  0.48372E+00
  0.68217E+00  0.47892E+00
  0.66906E+00  0.47377E+00
  0.65551E+00  0.46825E+00
  0.64153E+00  0.46237E+00
  0.62712E+00  0.45615E+00
  0.61229E+00  0.44957E+00
  0.59705E+00  0.44264E+00
  0.58141E+00  0.43537E+00
  0.56537E+00  0.42776E+00
  0.54894E+00  0.41980E+00
  0.53214E+00  0.41152E+00
  0.51497E+00  0.40290E+00
  0.49744E+00  0.39396E+00
  0.47956E+00  0.38469E+00
  0.46134E+00  0.37511E+00
  0.44279E+00  0.36522E+00
  0.42392E+00  0.35502E+00
  0.40475E+00  0.34451E+00
  0.38527E+00  0.33371E+00
  0.36550E+00  0.32261E+00
