  0.14552E+00  0.00000E+00
  0.16763E+00  0.45834E-02
  0.18957E+00  0.12787E-01
  0.21133E+00  0.23003E-01
  0.23290E+00  0.34498E-01
  0.25425E+00  0.46873E-01
  0.27539E+00  0.59880E-01
  0.29630E+00  0.73354E-01
  0.31697E+00  0.87176E-01
  0.33738E+00  0.10126E+00
  0.35754E+00  0.11552E+00
  0.37742E+00  0.12992E+00
  0.39701E+00  0.14441E+00
  0.41631E+00  0.15893E+00
  0.43530E+00  0.17347E+00
  0.45398E+00  0.18799E+00
  0.47233E+00  0.20246E+00
  0.49035E+00  0.21685E+00
  0.50802E+00  0.23116E+00
  0.52533E+00  0.24535E+00
  0.54228E+00  0.25941E+00
  0.55886E+00  0.27333E+00
  0.57505E+00  0.28708E+00
  0.59086E+00  0.30064E+00
  0.60626E+00  0.31402E+00
  0.62125E+00  0.32718E+00
  0.63583E+00  0.34013E+00
  0.64999E+00  0.35284E+00
  0.66371E+00  0.36531E+00
  0.67699E+00  0.37752E+00
  0.68983E+00  0.38947E+00
  0.70221E+00  0.40114E+00
  0.71414E+00  0.41252E+00
  0.72560E+00  0.42361E+00
  0.73658E+00  0.43439E+00
  0.74709E+00  0.44487E+00
  0.75711E+00  0.45502E+00
  0.76664E+00  0.46484E+00
  0.77568E+00  0.47432E+00
  0.78422E+00  0.48346E+00
  0.79225E+00  0.49225E+00
  0.79978E+00  0.50068E+00
  0.80679E+00  0.50875E+00
  0.81329E+00  0.51645E+00
  0.81926E+00  0.52377E+00
  0.82472E+00  0.53071E+00
  0.82965E+00  0.53726E+00
  0.83404E+00  0.54342E+00
  0.83791E+00  0.54919E+00
  0.84125E+00  0.55456E+00
  0.84405E+00  0.55952E+00
  0.84631E+00  0.56407E+00
  0.84803E+00  0.56821E+00
  0.84922E+00  0.57194E+00
  0.84987E+00  0.57524E+00
  0.84998E+00  0.57813E+00
  0.84954E+00  0.58059E+00
  0.84857E+00  0.58263E+00
  0.84706E+00  0.58424E+00
  0.84501E+00  0.58542E+00
  0.84243E+00  0.58617E+00
  0.83931E+00  0.58649E+00
  0.83565E+00  0.58637E+00
  0.83146E+00  0.58582E+00
  0.82675E+00  0.58484E+00
  0.82150E+00  0.58342E+00
  0.81573E+00  0.58157E+00
  0.80945E+00  0.57929E+00
  0.80264E+00  0.57657E+00
  0.79532E+00  0.57343E+00
  0.78748E+00  0.56985E+00
  0.77915E+00  0.56584E+00
  0.77031E+00  0.56140E+00
  0.76097E+00  0.55654E+00
  0.75114E+00  0.55125E+00
  0.74083E+00  0.54555E+00
  0.73004E+00  0.53942E+00
  0.71877E+00  0.53288E+00
  0.70703E+00  0.52593E+00
  0.69483E+00  0.51856E+00
  0.68217E+00  0.51079E+00
  0.66906E+00  0.50262E+00
  0.65551E+00  0.49405E+00
  0.64153E+00  0.48509E+00
  0.62712E+00  0.47574E+00
  0.61229E+00  0.46600E+00
  0.59705E+00  0.45588E+00
  0.58141E+00  0.44539E+00
  0.56537E+00  0.43453E+00
  0.54894E+00  0.42330E+00
  0.53214E+00  0.41172E+00
  0.51497E+00  0.39979E+00
  0.49744E+00  0.38751E+00
  0.47956E+00  0.37489E+00
  0.46134E+00  0.36193E+00
  0.44279E+00  0.34865E+00
  0.42392E+00  0.33506E+00
  0.40475E+00  0.32114E+00
  0.38527E+00  0.30693E+00
  0.36550E+00  0.29241E+00
